class_name:  comp.graphics
l0_activations_set:  {3680, 15713, 1090, 10489, 1319, 19849, 4874, 429, 22606, 5455, 14548, 12533, 21110, 14072, 12889, 17599}
l1_activations_set:  {4, 5, 7, 14, 15, 16, 17, 18}
l2_activations_set:  {0, 1, 2, 6, 11, 16, 18}
l3_activations_set:  {0}

class_name:  rec.autos
l0_activations_set:  {20096, 7687, 20232, 23945, 4874, 24071, 8333, 15503, 6038, 1697, 4131, 22563, 1319, 13482, 429, 4915, 7359, 23628, 22606, 16463, 14548, 7510, 16214, 12889, 4571, 11611, 15707, 3680, 2401, 15713, 12536, 8936, 12392, 10091, 6388, 10740, 21110, 14072, 12030}
l1_activations_set:  {4, 6, 7, 8, 14, 15, 17}
l2_activations_set:  {0, 1, 2, 6, 11, 16, 18}
l3_activations_set:  {0}

class_name:  soc.religion.christian
l0_activations_set:  {20096, 16261, 4874, 2188, 8333, 13206, 11551, 23328, 22563, 1319, 429, 4915, 2884, 16463, 14548, 87, 1241, 12889, 3680, 15713, 12392, 17512, 8936, 3433, 20338, 14072, 10489, 3836, 7933}
l1_activations_set:  {4, 6, 7, 14, 15, 16, 17}
l2_activations_set:  {0, 1, 2, 6, 11, 16, 18}
l3_activations_set:  {0}
